Raw_Data = [11,70,12,5,32,38;
13,69,12,5,32,38;
11,70,8,5,32,38;
14,70,10,5,25,45;
16,68,13,6,25,45;
18,69,14,6,25,45;
17,68,14,6,25,45;
17,70,12,7,25,45;
16,70,12,6,25,45;
17,68,11,5,25,45;
19,68,11,6,25,45;
17,70,10,7,25,45;
20,68,11,6,25,45;
20,68,13,5,25,45;
20,66,12,5,25,45;
20,61,11,5,25,45;
21,57,10,8,25,45;
19,56,10,8,25,45;
16,52,10,5,25,45;
16,49,12,6,25,45;
17,39,15,6,25,45;
16,25,18,6,25,45;
17,19,15,5,25,45;
16,12,14,5,32,38;
16,6,13,5,32,38;
18,7,16,6,32,38;
21,5,18,6,32,38;
20,5,21,6,32,38;
19,5,27,5,32,38;
18,5,31,6,32,38;
17,5,36,6,32,38;
16,5,40,7,32,38;
19,6,45,6,32,38;
15,6,46,9,32,38;
16,6,48,8,32,38;
15,7,50,9,32,38;
15,11,56,8,32,38;
15,11,59,10,32,38;
18,10,60,10,32,38;
18,11,61,10,32,38;
16,13,63,10,32,38;
17,11,63,5,32,38;
15,11,62,4,32,38;
14,14,61,4,46,24;
16,8,63,4,46,24;
17,10,64,4,46,24;
15,11,62,4,46,24;
20,12,63,4,46,24;
20,9,65,5,46,24;
23,9,66,5,46,24;
23,9,63,5,46,24;
21,7,65,4,46,24;
20,6,65,5,46,24;
19,8,66,5,46,24;
18,6,64,5,46,24;
16,5,64,5,46,24;
16,5,62,5,46,24;
15,6,61,5,46,24;
16,5,56,5,46,24;
19,5,54,9,46,24;
18,5,50,12,46,24;
20,6,45,9,46,24;
20,7,40,6,46,24;
20,6,31,6,32,38;
20,6,27,5,32,38;
23,6,21,5,32,38;
20,6,16,5,32,38;
20,7,14,5,32,38;
18,11,14,6,32,38;
21,21,13,5,32,38;
20,30,16,5,32,38;
21,38,14,5,32,38;
21,44,15,5,32,38;
21,46,13,5,32,38;
22,47,14,5,32,38;
22,53,13,5,32,38;
23,54,11,5,32,38;
21,53,11,5,32,38;
19,56,10,5,32,38;
20,55,9,5,32,38;
19,60,8,5,32,38;
19,59,7,5,32,38;
18,60,6,7,32,38;
17,60,5,6,32,38;
19,62,5,7,32,38;
21,60,5,7,32,38;
19,62,6,7,32,38;
19,62,6,6,32,38;
17,60,6,6,32,38;
15,62,5,5,32,38;
15,62,5,6,32,38;
14,60,5,5,32,38;
15,56,5,5,32,38;
18,55,5,5,32,38;
18,54,5,5,32,38;
18,52,5,5,32,38;
17,51,5,5,32,38;
16,54,5,5,32,38;
13,50,6,5,32,38;
15,54,5,5,32,38;
15,54,5,6,32,38;
15,53,6,5,32,38;
14,53,5,4,32,38;
15,51,5,4,32,38;
12,50,5,5,32,38;
11,51,5,5,32,38;
11,49,5,5,32,38;
10,48,7,5,32,38;
12,45,7,5,32,38;
12,40,7,6,32,38;
12,35,7,6,32,38;
14,28,7,6,32,38;
15,25,6,7,32,38;
18,24,6,6,32,38;
19,23,6,8,32,38;
18,20,5,6,32,38;
18,17,6,5,32,38;
18,17,6,7,32,38;
18,18,9,5,32,38;
17,15,12,6,32,38;
16,12,14,5,32,38;
20,13,12,5,32,38;
20,12,14,5,32,38;
20,12,14,7,32,38;
20,16,17,6,32,38;
21,15,17,5,32,38;
18,11,17,6,32,38;
22,8,20,6,32,38;
21,6,23,5,32,38;
20,5,24,5,32,38;
15,6,25,5,32,38;
17,7,28,5,32,38;
17,7,32,6,32,38;
17,9,36,6,32,38;
15,7,37,5,32,38;
15,7,37,5,32,38;
17,7,42,6,32,38;
19,9,45,6,32,38;
17,7,44,6,32,38;
17,8,47,6,32,38;
15,8,50,6,32,38;
17,9,53,9,32,38;
17,11,55,5,32,38;
17,7,58,6,32,38;
20,5,60,6,32,38;
20,5,61,7,32,38;
19,5,62,13,32,38;
19,5,65,12,32,38;
18,5,63,10,32,38;
21,5,63,7,32,38;
21,5,63,6,32,38;
21,5,64,5,32,38;
17,5,64,5,32,38;
15,6,65,5,32,38;
16,5,66,5,32,38;
15,5,66,5,32,38;
14,5,65,5,32,38;
15,8,65,5,32,38;
15,8,66,5,32,38;
15,14,64,6,32,38;
15,10,65,6,32,38;
14,10,65,6,32,38;
14,10,66,6,32,38;
15,8,65,5,46,24;
15,12,65,6,46,24;
14,11,65,5,46,24;
15,11,66,5,46,24;
14,9,67,6,46,24;
15,5,66,5,46,24;
14,12,66,5,46,24;
15,14,64,5,46,24;
17,9,66,8,46,24;
14,11,64,8,46,24;
14,9,63,9,46,24;
11,14,63,11,46,24;
12,15,64,11,46,24;
13,13,65,7,46,24;
15,14,63,5,46,24;
10,15,65,6,46,24;
15,11,66,9,46,24;
20,12,65,10,46,24;
17,13,65,9,46,24;
20,11,64,8,46,24;
20,14,64,10,46,24;
17,16,64,9,46,24;
17,13,60,7,46,24;
19,15,51,7,46,24;
20,10,42,12,46,24;
21,11,40,12,46,24;
25,11,36,14,46,24;
29,11,26,11,46,24;
27,10,20,10,46,24;
22,12,16,7,46,24;
18,15,16,5,46,24;
17,23,14,5,46,24;
17,32,13,8,46,24;
16,46,12,14,46,24;
17,52,13,15,46,24;
18,60,14,13,46,24;
18,66,15,13,46,24;
18,70,12,10,46,24;
17,72,13,9,46,24;
15,68,14,6,46,24;
17,69,14,5,25,45;
16,72,14,5,25,45;
19,72,12,5,25,45;
14,71,14,6,25,45;
14,72,13,6,25,45;
17,70,14,5,25,45;
17,71,15,6,25,45;
17,72,15,6,25,45;
18,72,14,6,25,45;
20,71,12,9,25,45;
21,73,12,10,25,45;
24,72,10,11,25,45;
30,74,9,10,25,45;
36,73,10,14,25,45;
31,72,10,7,25,45;
21,76,11,6,25,45;
18,78,10,5,25,45;
17,73,10,5,25,45;
13,68,11,4,25,45;
14,67,17,4,25,45;
15,70,33,5,25,45;
14,70,29,5,25,45;
14,69,16,29,25,45;
16,70,8,28,25,45;
16,67,9,13,25,45;
17,63,8,11,25,45;
16,53,7,11,25,45;
15,48,5,6,25,45;
14,39,4,6,25,45;
14,28,6,6,25,45;
16,18,13,7,25,45;
17,12,16,6,25,45;
19,11,18,5,25,45;
20,10,23,6,25,45;
18,8,30,5,25,45;
22,6,39,5,25,45;
20,6,46,4,25,45;
20,5,52,4,25,45;
18,5,63,4,25,45;
17,5,63,4,25,45;
15,5,63,5,46,24;
17,8,65,5,46,24;
19,9,64,5,46,24;
18,11,64,5,46,24;
18,9,65,4,46,24;
20,12,66,4,46,24;
23,12,67,4,46,24;
24,8,69,5,46,24;
26,10,68,5,46,24;
25,11,68,5,46,24;
23,9,68,5,46,24;
23,8,68,5,46,24;
19,9,68,5,46,24;
17,13,64,5,46,24;
16,14,64,8,46,24;
13,12,63,7,46,24;
17,15,64,10,46,24;
15,14,63,10,46,24;
15,13,64,5,46,24;
14,11,67,5,46,24;
19,10,63,5,46,24;
19,9,63,5,46,24;
19,8,65,5,46,24;
18,10,64,5,46,24;
18,10,64,5,46,24;
17,9,64,5,46,24;
17,11,65,7,46,24;
17,14,64,6,46,24;
11,14,65,14,46,24;
11,12,61,13,46,24;
14,9,57,13,46,24;
16,8,59,12,46,24;
19,10,49,9,46,24;
26,13,41,7,46,24;
20,11,35,8,46,24;
21,9,26,8,46,24;
25,11,17,7,46,24;
24,9,10,7,46,24;
26,8,6,6,46,24;
26,10,5,8,46,24;
25,12,5,6,32,38;
23,22,5,7,32,38;
25,33,7,6,32,38;
22,40,12,6,32,38;
22,49,11,5,32,38;
23,60,9,7,32,38;
23,62,5,5,32,38;
24,66,5,5,32,38;
24,70,5,5,32,38;
21,69,5,5,32,38;
18,70,5,5,32,38;
18,72,5,5,32,38;
18,70,5,5,32,38;
21,69,5,5,32,38;
20,71,5,4,32,38;
19,72,5,4,32,38;
18,69,6,4,32,38;
18,71,7,5,32,38;
16,71,7,4,32,38;
19,70,6,5,32,38;
20,71,6,4,25,45;
22,72,7,5,25,45;
21,72,6,5,25,45;
22,70,6,5,25,45;
22,69,7,5,25,45;
23,69,6,5,25,45;
23,67,7,6,25,45;
23,69,5,6,25,45;
24,68,5,7,25,45;
22,65,5,6,25,45;
19,64,5,7,25,45;
18,60,5,6,25,45;
19,57,5,7,25,45;
20,51,6,11,25,45;
18,46,7,8,25,45;
15,41,9,7,25,45;
16,34,8,6,25,45;
15,29,10,7,25,45;
16,25,11,6,25,45;
18,12,11,5,25,45;
19,10,15,5,32,38;
17,8,17,4,32,38;
15,8,18,4,32,38;
14,10,19,4,32,38;
13,12,23,4,32,38;
15,13,33,5,32,38;
16,12,40,7,32,38;
13,11,45,9,32,38;
16,11,54,6,32,38;
14,7,59,5,32,38;
19,6,64,4,32,38;
20,6,67,4,32,38;
22,6,66,4,32,38;
19,7,67,4,32,38;
18,6,67,5,32,38;
17,7,66,5,32,38;
19,6,63,5,32,38;
17,7,66,5,32,38;
16,6,64,5,32,38;
16,6,63,6,32,38;
16,8,65,7,46,24;
15,9,64,8,46,24;
16,11,65,8,46,24;
18,11,63,10,46,24;
18,13,62,7,46,24;
19,12,66,8,46,24;
22,10,66,6,46,24;
27,10,67,5,46,24;
32,15,67,5,46,24;
31,15,68,4,46,24;
31,11,67,5,46,24;
28,5,64,5,46,24;
24,5,61,5,46,24;
23,5,62,7,46,24;
19,6,63,11,46,24;
16,9,64,7,46,24;
15,8,63,9,46,24;
14,13,64,11,46,24;
16,10,61,8,46,24;
17,11,63,8,46,24;
17,10,63,8,46,24;
18,9,63,6,46,24;
17,6,62,6,46,24;
14,5,63,6,46,24;
12,4,63,6,46,24;
9,4,64,5,46,24;
10,4,64,5,46,24;
10,5,67,6,46,24;
9,5,64,6,46,24;
7,7,60,5,46,24;
11,10,63,5,46,24;
14,10,62,5,46,24;
16,10,59,5,46,24;
18,7,54,5,46,24;
18,11,51,5,46,24;
16,10,45,5,46,24;
17,11,40,5,46,24;
19,15,34,5,46,24;
22,12,28,6,46,24;
21,10,23,7,46,24;
14,13,13,6,32,38;
9,13,8,7,32,38;
9,13,10,11,32,38;
13,15,18,7,32,38;
20,23,20,6,32,38;
21,32,17,5,32,38;
17,42,9,5,32,38;
16,48,6,4,32,38;
20,52,6,4,32,38;
23,55,6,4,32,38;
26,55,6,4,32,38;
27,60,8,5,32,38;
27,63,9,5,32,38;
23,65,10,5,32,38;
22,63,13,5,32,38;
24,66,14,5,32,38;
25,63,12,5,32,38;
23,63,10,5,32,38;
23,65,12,5,32,38;
22,63,13,8,32,38;
18,65,13,9,25,45;
14,66,12,9,25,45;
13,66,12,10,25,45;
13,66,10,7,25,45;
11,65,7,9,25,45;
13,62,5,9,25,45;
13,60,5,9,25,45;
13,57,5,11,25,45;
13,53,5,7,25,45;
11,54,5,5,25,45;
13,50,7,4,25,45;
16,47,9,5,25,45;
16,39,10,8,25,45;
15,33,7,11,25,45;
13,30,8,9,25,45;
13,22,6,4,25,45;
12,18,6,4,25,45;
16,13,10,4,25,45;
18,12,16,6,25,45;
19,13,18,7,25,45;
20,12,23,5,32,38;
19,14,33,5,32,38;
18,11,36,5,32,38;
19,8,33,5,32,38;
17,7,46,6,32,38;
15,10,59,7,32,38;
12,11,68,9,32,38;
12,8,68,10,32,38;
11,8,60,9,32,38;
13,6,68,8,32,38;
14,6,68,11,32,38;
19,6,69,10,32,38;
20,13,68,15,32,38;
17,13,67,14,32,38;
15,14,66,13,32,38;
14,18,65,9,32,38;
15,18,66,6,32,38;
12,16,66,7,32,38;
11,17,63,8,32,38;
12,16,64,7,32,38;
10,15,67,9,46,24;
8,17,67,11,46,24;
8,16,67,9,46,24;
7,20,66,9,46,24;
6,18,66,9,46,24;
9,22,68,10,46,24;
9,28,66,10,46,24;
11,4,65,8,46,24;
14,4,66,6,46,24;
11,5,66,6,46,24;
15,4,67,6,46,24;
